22340
22350
22856
23164
23220
23325
23653
23731
23868
23986
23988
24134
24230
24609
24660
24818
24909
24966
24970
24974
25297
25518
25568
25572
25698
25780
25844
26052
26378
26638
26662
26711
26727
26823
26942
27017
27321
27516
27587
27674
27835
27918
28060
28127
28179
28385
28396
28403
28457
28461
28974
29056
29735
30133
30163
30234
30284
30361
30365
30437
30441
30679
30683
30753
30968
30978
31057
31317
31509
31598
31602
31610
31821
31884
31967
72266
72404
72405
72407
72415
72418
72465
72469
72576
72578
72618
72693
72711
72712
72714
72715
72737
72986
72990
72993
72995
73001
73008
73036
73045
73075
73089
73090
73153
73231
73241
73268
73290
73300
73302
73338
73341
73537
73553
73560
73562
73564
73571
73574
73649
73673
73754
73819
73840
73842
73866
73923
74052
74082
74104
74124
74125
74127
74130
74132
74138
74174
74188
74189
74194
74396
74399
74415
74458
74464
74472
74582
74606
74635
74698
74719
74723
74725
74728
74731
74768
74777
74806
74816
74855
75004
75010
75035
75036
75039
75051
75052
75053
75091
75095
75128
75311
75337
75344
75346
75347
75354
75406
75576
75580
75617
75620
75623
75634
75635
75650
75652
75667
75668
75860
75863
75865
75897
75909
75910
75911
75920
75941
75954
76002
76153
76191
76194
76202
76240
76349
76467
76472
76482
76503
76545
76565
76611
76685
76725
76745
76756
76786
76790
76791
76801
76835
76887
76914
77025
77030
77066
77072
77074
77076
77079
77081
77129
77139
77146
77162
77234
77310
77317
77373
77395
77403
77408
77421
77619
77630
77631
77635
77638
77639
77644
77646
77647
77650
77670
77673
77707
77734
77955
77960
77961
77963
77965
77987
78011
78093
78097
78110
78162
78193
78200
78227
78228
78232
78234
78235
78236
78237
78267
78272
78273
78472
78473
78474
78497
78505
78508
78516
78517
78518
78529
78560
78579
78581
78605
78619
78771
78786
78804
78832
78834
78890
79061
79069
79072
79106
79116
79119
79127
79145
79173
79240
79768
79804
79833
79864
79884
79898
79903
79908
79916
79917
79936
79938
80004
80008
80045
80141
80180
80182
80183
80186
80187
80189
80232
80241
80242
80249
80269
80286
80399
80463
80482
80484
80492
80497
80502
80504
80509
80552
80573
80593
80767
80800
80802
80809
80813
80815
80816
80819
80824
80874
80951
81064
81106
81144
81151
81175
81186
81250
81251
81303
81336
81378
81379
81380
81426
81454
81611
81636
81660
81670
81696
81721
81723
81878
81893
81902
81931
81942
132277
132342
132344
132393
132412
132446
132466
132572
132579
132583
132617
132702
132703
132706
132736
132761
132776
132781
132797
132841
132852
132853
132932
132982
132983
133002
133013
133088
133141
133147
133169
133228
133278
133280
133283
133285
133294
133298
133299
133327
133384
133424
133438
133444
133468
133547
133566
133569
133628
133711
133713
133714
133726
133727
133728
133729
133794
133810
133834
133835
133853
133857
134057
134116
134118
134159
134222
134304
134305
134308
134312
134324
134331
134386
134398
134404
134438
134441
134442
134452
134453
134460
134461
134603
134661
134668
134681
134718
134735
134736
134743
134765
134870
134898
135030
135061
135204
135214
135215
135287
135333
135338
135340
135350
135360
135473
135489
135491
135496
135526
135618
135759
135762
135772
135777
135778
135858
135893
135930
136057
136184
136185
136198
136203
136354
136368
136496
136497
136516
136661
136710
136773
136779
136788
136834
136915
136917
136928
136934
136949
136960
137016
137053
137054
137057
137077
137213
137275
137345
137350
137351
137379
137426
137548
137626
137658
137682
137785
137800
137809
137813
137820
137829
137856
137858
137944
137945
137951
137967
137989
138027
138056
138102
138113
138148
138176
138225
138239
138283
138379
138384
138387
138388
138455
138463
138466
138502
138519
138525
138526
138604
138667
138682
138708
138713
138717
138790
138825
138841
138845
138858
138896
138965
138994
138996
139057
139099
139110
139179
139188
139750
139757
139766
139803
139841
139850
139888
139895
139899
139900
139902
139906
140020
140027
140046
140064
140090
140168
140173
140176
140190
140191
140214
140259
140266
140273
140352
140357
140362
140435
140480
140487
140489
140526
140641
140648
140664
140666
140673
140708
140803
140821
140823
140842
140949
140966
141004
141038
141050
141056
141090
141094
141095
141104
141213
141216
141232
141248
141249
141253
141323
141371
141375
141456
141474
141650
141651
141663
141667
141816
141825
141932
141933
141934
141941
141960
142026
192242
192273
192275
192279
192286
192353
192357
192359
192360
192364
192367
192376
192384
192438
192450
192560
192568
192606
192667
192671
192673
192675
192676
192680
192683
192731
192735
192759
192836
192854
192855
192885
192901
192953
192956
192958
192960
192963
192964
192978
193020
193138
193144
193165
193174
193186
193242
193250
193252
193256
193261
193277
193322
193326
193402
193431
193460
193512
193518
193519
193520
193522
193528
193530
193666
193688
193693
193739
193782
193787
193871
193874
194077
194079
194081
194092
194093
194101
194133
194152
194175
194286
194306
194382
194385
194393
194406
194408
194412
194418
194475
194491
194526
194611
194683
194684
194686
194690
194692
194696
194700
194710
194755
194831
194871
194878
194913
194964
194984
194985
194990
194992
194993
194995
194997
195002
195007
195012
195079
195083
195197
195209
195212
195213
195259
195300
195306
195312
195314
195321
195363
195401
195453
195480
195483
195498
195500
195562
195575
195581
195585
195588
195590
195596
195599
195603
195664
195769
195770
195771
195834
195847
195851
195856
195862
195864
195867
195873
195901
195906
195926
195977
196044
196048
196061
196149
196151
196152
196156
196157
196158
196160
196162
196163
196165
196168
196236
196359
196360
196369
196431
196433
196436
196455
196456
196463
196473
196523
196569
196620
196625
196653
196715
196724
196726
196733
196734
196735
196738
196758
196821
196858
196895
196925
196931
197006
197023
197032
197033
197034
197044
197050
197150
197236
197237
197239
197253
197304
197318
197320
197324
197328
197331
197332
197343
197378
197381
197440
197444
197484
197494
197500
197508
197601
197603
197605
197606
197607
197610
197654
197656
197672
197675
197676
197684
197717
197799
197804
197807
197913
197916
197917
197921
197925
197938
197950
197981
197988
198075
198091
198100
198101
198104
198124
198177
198191
198192
198194
198197
198199
198201
198202
198212
198263
198337
198363
198400
198401
198464
198465
198492
198499
198520
198571
198678
198683
198700
198715
198802
198803
198809
198846
198964
198978
198985
199064
199065
199066
199067
199073
199074
199075
199076
199078
199151
199752
199754
199764
199771
199837
199856
199860
199863
199866
199870
199875
199876
199877
199881
199913
199958
199978
199991
200051
200054
200146
200160
200169
200174
200200
200219
200343
200348
200349
200445
200447
200450
200451
200452
200461
200485
200527
200528
200588
200616
200618
200662
200675
200680
200687
200757
200762
200763
200765
200773
200775
200779
200780
200784
200843
200845
200848
200959
200962
200970
201045
201061
201066
201069
201070
201072
201078
201083
201131
201211
201254
201256
201257
201265
201332
201337
201340
201341
201343
201344
201418
201461
201519
201603
201606
201612
201613
201618
201620
201621
201625
201627
201688
201690
201728
201792
201801
201820
201826
201891
201894
201900
201901
201905
201907
201909
201916
201956
201965
252280
252351
252365
252662
252758
253321
253549
253796
253797
253815
253896
253954
254061
254062
254068
254320
254443
254591
254669
254676
254761
255304
255334
255348
255573
255841
255848
255891
255919
256439
256440
256449
256450
256451
256622
256633
256646
256722
256723
257004
257007
257010
257011
257012
257315
257503
257513
257581
257583
257628
257683
257755
257905
257907
258180
258375
258482
258540
258780
258785
259043
259153
259848
259865
259995
260123
260125
260130
260131
260139
260336
260427
260759
261116
261236
261255
261325
261326
261514
261599
261600
261687
261880
261881
261889
312327
312336
312337
312349
312358
312437
312648
312723
312902
312927
312934
312940
312950
312998
313209
313217
313219
313221
313223
313224
313226
313236
313459
313502
313504
313791
313792
313800
313878
314054
314059
314099
314131
314171
314369
314378
314379
314383
314423
314457
314487
314658
314659
314664
314665
314666
314754
314962
314965
314971
315078
315085
315273
315286
315293
315296
315361
315558
315564
315830
315831
315947
316084
316135
316139
316211
316356
316428
316429
316432
316437
316457
316478
316501
316535
316795
316814
316822
316866
316993
316998
316999
317002
317003
317009
317248
317302
317305
317309
317376
317510
317576
317585
317814
317893
317895
317898
318096
318169
318174
318186
318443
318448
318450
318459
318521
318566
318712
318736
318772
318773
318776
318800
319034
319041
319049
319825
319826
319835
319843
319844
319845
319927
320073
320116
320122
320128
320136
320299
320342
320347
320416
320425
320536
320739
320744
320746
320749
320798
320835
321042
321052
321074
321080
321107
321109
321119
321263
321314
321318
321319
321320
321389
321414
321587
321588
321596
321661
321689
321822
321876
321887
372309
372324
372328
372409
372448
372599
372604
372610
372651
372721
372828
372886
372887
372888
372892
372924
372925
373035
373101
373152
373182
373425
373470
373503
373724
373764
373852
373995
374009
374013
374022
374027
374053
374060
374142
374313
374342
374366
374367
374375
374377
374384
374655
374801
374888
374905
374914
374915
374919
374922
374923
374924
374925
374948
374957
375016
375077
375281
375292
375415
375504
375519
375527
375528
375557
375631
375671
375738
375800
375801
375806
375819
375824
375827
376063
376065
376104
376106
376112
376208
376224
376229
376337
376382
376383
376387
376394
376395
376425
376552
376647
376680
376686
376690
376713
376938
376961
376969
377091
377252
377263
377271
377298
377535
377539
377545
377546
377550
377554
377572
377573
377574
377575
377659
377802
377821
377830
377844
377845
377853
377886
377888
377889
377910
378001
378087
378135
378140
378144
378145
378160
378161
378163
378253
378256
378419
378421
378523
378679
378735
378741
378774
378839
379008
379769
379782
379801
379806
379832
380055
380093
380094
380378
380394
380398
380415
380661
380701
380702
380731
380733
380747
380818
380839
380859
380975
381009
381028
381035
381270
381278
381301
381316
381504
381537
381549
381551
381575
381591
381732
381839
381859
381864
381877
432250
432251
432257
432260
432263
432282
432285
432289
432295
432296
432301
432302
432303
432346
432347
432411
432417
432419
432430
432436
432441
432447
432451
432461
432463
432508
432545
432571
432574
432582
432585
432586
432587
432588
432590
432594
432595
432596
432612
432695
432719
432725
432738
432791
432795
432798
432833
432837
432838
432843
432845
432851
432863
432866
432867
432868
432869
432870
432875
432876
432881
432883
432884
432899
432923
432933
432941
432967
433000
433031
433033
433071
433128
433131
433134
433143
433149
433163
433168
433171
433208
433243
433260
433270
433316
433329
433403
433417
433435
433440
433450
433452
433454
433455
433456
433458
433467
433495
433516
433524
433527
433536
433556
433577
433605
433612
433633
433681
433701
433716
433735
433736
433740
433749
433752
433753
433758
433763
433811
433813
433823
433864
433938
433968
433976
433991
433992
433994
434002
434003
434004
434005
434007
434008
434010
434015
434056
434073
434084
434085
434089
434097
434111
434119
434123
434153
434164
434165
434169
434170
434172
434219
434223
434272
434281
434293
434298
434300
434303
434311
434314
434316
434319
434323
434327
434376
434449
434455
434459
434462
434467
434482
434484
434490
434494
434500
434502
434512
434547
434584
434588
434592
434610
434613
434614
434615
434621
434622
434625
434626
434633
434657
434675
434701
434770
434782
434814
434819
434821
434822
434842
434872
434875
434881
434887
434889
434891
434893
434894
434908
434910
434911
435081
435082
435088
435093
435119
435127
435149
435182
435216
435220
435224
435225
435226
435227
435228
435230
435231
435232
435236
435237
435242
435243
435371
435374
435397
435459
435463
435484
435502
435506
435508
435510
435511
435514
435515
435516
435517
435521
435522
435524
435532
435533
435565
435569
435570
435604
435613
435640
435642
435644
435651
435655
435657
435666
435696
435720
435723
435726
435742
435752
435753
435754
435774
435783
435784
435785
435786
435787
435788
435790
435792
435796
435799
435829
435835
435839
435875
435887
435903
435904
435933
435940
435950
435951
435983
436003
436020
436033
436059
436062
436070
436072
436073
436074
436075
436076
436077
436078
436079
436086
436088
436089
436091
436096
436098
436101
436136
436147
436155
436164
436166
436176
436222
436230
436231
436235
436238
436246
436252
436253
436254
436263
436278
436336
436339
436348
436353
436370
436386
436389
436421
436446
436466
436470
436477
436510
436539
436581
436635
436640
436642
436658
436659
436665
436670
436672
436675
436676
436677
436681
436682
436741
436747
436785
436799
436817
436826
436832
436837
436839
436920
436926
436936
436940
436944
436953
436954
436957
436959
436962
436996
437038
437064
437082
437092
437113
437116
437127
437169
437176
437202
437217
437222
437233
437241
437246
437247
437251
437256
437257
437258
437262
437264
437306
437334
437359
437366
437385
437390
437400
437448
437461
437474
437489
437496
437498
437515
437523
437524
437528
437529
437530
437536
437579
437584
437589
437590
437611
437623
437663
437671
437677
437699
437758
437779
437784
437827
437828
437833
437834
437838
437854
437881
437894
437899
437904
437942
437954
437969
437986
437992
437993
438005
438021
438028
438039
438064
438066
438094
438107
438111
438112
438114
438120
438130
438134
438168
438170
438178
438208
438244
438252
438268
438350
438367
438368
438383
438386
438398
438406
438407
438409
438451
438452
438460
438469
438476
438480
438485
438527
438531
438542
438543
438555
438557
438567
438624
438688
438694
438698
438699
438701
438720
438721
438725
438730
438731
438782
438788
438791
438808
438837
438867
438878
438879
438882
438887
438905
438917
438969
438979
438983
438990
438997
438998
439002
439004
439005
439007
439013
439035
439040
439080
439081
439082
439103
439120
439147
439150
439154
439155
439162
439166
439199
439235
439246
439248
439249
439251
439253
439254
439256
439383
439392
439393
439404
439407
439408
439412
439416
439418
439524
439620
439654
439658
439664
439674
439676
439696
439703
439708
439727
439751
439770
439776
439777
439780
439794
439795
439796
439807
439834
439846
439847
439871
439893
439894
439907
439926
439928
439935
439937
439961
439981
440005
440021
440029
440032
440035
440058
440059
440068
440069
440072
440076
440078
440080
440082
440083
440085
440087
440129
440142
440155
440161
440213
440216
440224
440228
440233
440238
440276
440303
440320
440321
440329
440358
440360
440370
440371
440374
440377
440382
440383
440385
440387
440417
440424
440432
440438
440448
440457
440508
440529
440530
440538
440547
440548
440577
440615
440631
440638
440647
440649
440653
440655
440658
440674
440676
440690
440691
440692
440693
440696
440700
440703
440704
440735
440738
440740
440748
440751
440785
440787
440795
440814
440853
440905
440933
440940
440956
440957
440973
440977
440979
440984
440985
440988
440989
440996
441039
441049
441051
441073
441077
441085
441155
441172
441181
441191
441202
441225
441233
441246
441258
441259
441260
441264
441266
441267
441269
441334
441364
441408
441415
441417
441420
441422
441428
441481
441515
441521
441534
441536
441541
441542
441545
441547
441553
441594
441628
441641
441678
441699
441701
441737
441788
441800
441805
441818
441828
441829
441830
441834
441835
441836
441838
441848
441872
441874
441919
441922
441928
441946
441969
441974
441980
441992
442012
442013
442019
442023
442068
442077
442104
442105
442108
442111
442131
442148
442149
442165
442167
442182
442190
442256
442264
442268
442274
442287
442306
442355
442425
442427
442442
442555
442558
442570
442575
442588
442600
442601
442615
442628
442752
442774
442775
442781
442790
442793
442920
442980
443012
443200
443211
443216
443236
443237
443238
443247
443257
443262
443272
443274
443282
443283
443284
443285
443327
443344
443350
443357
443388
443390
443392
443403
443410
443411
443412
443414
443431
443432
443447
443454
443458
443460
443464
443465
443524
443530
443535
443537
443545
443556
443558
443563
443568
443570
443571
443577
443580
443582
443585
443586
443587
443588
443597
443600
443601
443607
443608
443611
443612
443614
443615
443616
443617
443622
443625
443677
443709
443721
443726
443729
443730
443731
443732
443734
443736
443738
443741
443743
443744
443769
443771
443776
443783
443784
443785
443788
443792
443795
443797
443800
443861
443871
443874
443876
443883
443906
443919
443943
443949
443962
444023
444035
444038
444044
444070
444078
444084
444093
444094
444098
444100
444101
444114
444115
444129
444130
444131
444132
444188
444189
444191
444194
444198
444202
444206
444211
444219
444239
444243
444247
444263
444264
444267
444274
444367
444372
444375
444406
444411
444417
444426
444428
444429
444444
444445
444449
444453
444457
444459
444461
759852
759853
759859
759860
759907
759930
759931
760047
760147
760186
760879
760880
760895
760925
761083
761084
761151
761157
761158
761159
762150
762151
762206
762207
762212
762213
762216
762217
762253
762264
762265
762280
762287
762288
762289
762290
762291
762292
762293
762294
762296
762297
762298
762299
762327
762328
762441
762503
762769
762808
763021
764058
764098
764123
764153
764229
764594
764595
764597
764598
764599
765053
765131
765203
765422
765719
765933
3654309
3654603
3655266
3655355
3656064
3656234
3661408
3661613
3661864
4000167
4000609
4000958
4000964
4000968
4000982
4000983
4001171
4001298
4001329
4001336
4001450
4001453
4001454
4001578
4001664
4001670
4001819
4002140
4002147
4002356
4002357
4002359
4002497
4002650
4002818
4002956
4003132
4003171
4003185
4003404
4003487
4003833
4004352
4004623
4004672
4005743
4006163
4008220
4008556
4008566
4008576
4008709
4008710
4008971
4009184
4009303
4009318
4009329
4009585
4009610
4009619
4009648
4009705
4009890
4010016
4010017
4010333
4010658
4010763
4010963
4010971
4011615
4012231
4012368
4012376
4012455
4012570
4012588
4012690
4012869
4012934
4013160
4013263
4013265
4013526
4013540
4013596
4013597
4013604
4013643
4014066
4014295
4014798
4015216
4015350
4015352
4015988
4015992
4016109
4016131
4016306
4016359
4016837
4017107
4017388
4018504
4018956
4019263
4020346
4021498
4021667
4021915
4022073
4022201
4022922
4022933
4023190
4023316
4023572
4023612
4024013
4024018
4024243
4024561
4024659
4024717
4024763
4025198
4025215
4025325
4025663
4025677
4025938
4026112
4027369
4027384
4027396
4027663
4027782
4028071
4028073
4028237
4028253
4028367
4028373
4028387
4028571
4028741
4028922
4029295
4029305
4029420
4029488
4029497
4029498
4029735
4029776
4029926
4030040
4030041
4030186
4030518
4030754
4030908
4031019
4031106
4031109
4031111
4031128
4031162
4031164
4031756
4031763
4031885
4032594
4032787
4032799
4032878
4033045
4033319
4033341
4033617
4033802
4033837
4033839
4033848
4033853
4033861
4033864
4033891
4034633
4034825
4035127
4035415
4035422
4035437
4035439
4035441
4035611
4036314
4036628
4036659
4036667
4038038
4038530
4038835
4038838
4038842
4038845
4040379
4040380
4040820
4041280
4041283
4041285
4041437
4041681
4041799
4041800
4041902
4042067
4042145
4042501
4042503
4042563
4042584
4042728
4042835
4042836
4042837
4042934
4043042
4043346
4043371
4043388
4043731
4043738
4044053
4044082
4044391
4044708
4044745
4045227
4045633
4045733
4046100
4046338
4046448
4046660
4047120
4047124
4047607
4047791
4047805
4048393
4048485
4048489
4048512
4048520
4048684
4049292
4049367
4049417
4049458
4049477
4049621
4049623
4049659
4049810
4050089
4050690
4050884
4051004
4051140
4051432
4051439
4051630
4051642
4052226
4052227
4052509
4052646
4052837
4053178
4053604
4054063
4054067
4054992
4055201
4055361
4055640
4055748
4055851
4055866
4055870
4055987
4056428
4056478
4056579
4056580
4056585
4056621
4056713
4056717
4056718
4056770
4057008
4057044
4057177
4057432
4057513
4057826
4058155
4058243
4058350
4058370
4058388
4058397
4058637
4058821
4058977
4059015
4059049
4059257
4059258
4059290
4059379
4059452
4060424
4060429
4060556
4060558
4060559
4061050
4061157
4061734
4061735
4061844
4062387
4062790
4062791
4062972
4063155
4063581
4064036
4064161
4065364
4065991
4065997
4066036
4066147
4066289
4066371
4066613
4066819
4066820
4066824
4066849
4067069
4067311
4067313
4067774
4067872
4067987
4068241
4068482
4068613
4068617
4068847
4069182
4069318
4069320
4069654
4069935
4069936
4070679
4070750
4070976
4071683
4071689
4071874
4073658
4075831
4076794
4077081
4077577
4077584
4077895
4078201
4078384
4078455
4078700
4079725
4079749
4079750
4079936
4079975
4079978
4080762
4081219
4081615
4081648
4082311
4082463
4082487
4082582
4083556
4083695
4083769
4083784
4083820
4083964
4084229
4084768
4084868
4084966
4085100
4085156
4085586
4085877
4085898
4086243
4086393
4086587
4086701
4087144
4087475
4087528
4087597
4088051
4088740
4088768
4089214
4089362
4089462
4089512
4089777
4090039
4090207
4090272
4090425
4090433
4090490
4090553
4090564
4091464
4091465
4091466
4091509
4091513
4091901
4092358
4092411
4092511
4092538
4092743
4092879
4092896
4092936
4093145
4093193
4093200
4093346
4093347
4093531
4093672
4093673
4094283
4094294
4094343
4094448
4094683
4094742
4094822
4094910
4094911
4095168
4095312
4095475
4095589
4095592
4095749
4095793
4095903
4096099
4096185
4096196
4096198
4096313
4096347
4096616
4096682
4096856
4096946
4097128
4097158
4097159
4097164
4097608
4097996
4098292
4098302
4098458
4098597
4098604
4098611
4098622
4099094
4099171
4099197
4099651
4099740
4099792
4099809
4099889
4100065
4100184
4100425
4100606
4100662
4100822
4100857
4100858
4100932
4101104
4101199
4101283
4101305
4101362
4101602
4101660
4101747
4101918
4102342
4102373
4102501
4102817
4102936
4103183
4103295
4103418
4103532
4103638
4103640
4103642
4103703
4104000
4104157
4104196
4104431
4105330
4105866
4106357
4106682
4107655
4108215
4108235
4108356
4108659
4108814
4108815
4108817
4108832
4108943
4109087
4109464
4109685
4109883
4110056
4110189
4110190
4110192
4110252
4110492
4110715
4110815
4110880
4110914
4110915
4110937
4110948
4110961
4111098
4111099
4111231
4111409
4111412
4111416
4111541
4111566
4111709
4111711
4111921
4111998
4112020
4112021
4112023
4112026
4112302
4112334
4112752
4112820
4112826
4112849
4112852
4112853
4112931
4113008
4113020
4113129
4113451
4113650
4113666
4113821
4113837
4114222
4114439
4114472
4114585
4114604
4114624
4114720
4115027
4115161
4115169
4115170
4115171
4115173
4115213
4115276
4115282
4115367
4115368
4115380
4115386
4115991
4116151
4116166
4116228
4116323
4116441
4116450
4116451
4116485
4116634
4116635
4116778
4116794
4116987
4116988
4117097
4117393
4117399
4117686
4117687
4117695
4117712
4117713
4117779
4117881
4117883
4117930
4118007
4118910
4119146
4119158
4119189
4119307
4119460
4119632
4119786
4119942
4120090
4120094
4120275
4120302
4120314
4121123
4121280
4121341
4121463
4121629
4121803
4122116
4122339
4123293
4123439
4123726
4124693
4125590
4125650
4126571
4127089
4127117
4127428
4127554
4127697
4128329
4128369
4128827
4128914
4129155
4129393
4129394
4129405
4129407
4129408
4130017
4130018
4130023
4130027
4130068
4130162
4130197
4130372
4130839
4130842
4130851
4130852
4131101
4131105
4131304
4131422
4131791
4131908
4132130
4132314
4132434
4132555
4132570
4132891
4132892
4132926
4133004
4133015
4133018
4133029
4133037
4133039
4133044
4133224
4133599
4133610
4133643
4134120
4134121
4134162
4134176
4134178
4134181
4134443
4134454
4134455
4134552
4134577
4134603
4134862
4135083
4135088
4135466
4135822
4135937
4135950
4136228
4136557
4136700
4137430
4137468
4137687
4137945
4138149
4138183
4138285
4138299
4138403
4138414
4138617
4138760
4140154
4140164
4140207
4140376
4140438
4140828
4140977
4141028
4141128
4141190
4141224
4141360
4141454
4141640
4141827
4142060
4142479
4142738
4142875
4142895
4143024
4143062
4143110
4143463
4143698
4143828
4143969
4143972
4144111
4144112
4144409
4144608
4144895
4144911
4144996
4145049
4145220
4145372
4145497
4145627
4145821
4145825
4145827
4146209
4146239
4146482
4146581
4146660
4146763
4147162
4147164
4147185
4147326
4147411
4147466
4147498
4147614
4147660
4147779
4147829
4148231
4148247
4148260
4148486
4148906
4148925
4149084
4149353
4149583
4149782
4149840
4149847
4149851
4149904
4149913
4149969
4150043
4150062
4150125
4150384
4150489
4150511
4150759
4150816
4150981
4150985
4151087
4151132
4151134
4151240
4151250
4151263
4151265
4151446
4151528
4151763
4151842
4151978
4151985
4152280
4152347
4152350
4152351
4152370
4152371
4152376
4152384
4152592
4152933
4153106
4153160
4153359
4153380
4153516
4153517
4153877
4153890
4154088
4154162
4154290
4154309
4154632
4155033
4155034
4155040
4155070
4155529
4155764
4155797
4155909
4156114
4156515
4156806
4157332
4157389
4157453
4157454
4157456
4158910
4158911
4159131
4159164
4159659
4159739
4159742
4160039
4160055
4160059
4160276
4160328
4160464
4160859
4161462
4161463
4162218
4162253
4162276
4162723
4162860
4163261
4163280
4163710
4163735
4164151
4164770
4164898
4164922
4164959
4165091
4165417
4165681
4165998
4166125
4166126
4166144
4166231
4166666
4166844
4166902
4167085
4167097
4167102
4167328
4167493
4167696
4167914
4168212
4168213
4168216
4168217
4168222
4168318
4168553
4168666
4168681
4168686
4168689
4168694
4168700
4168701
4168796
4169095
4169287
4169580
4169905
4169954
4169984
4170137
4170145
4170270
4170421
4170554
4170633
4170723
4170742
4170770
4171379
4171394
4171556
4171776
4171912
4171919
4172432
4172458
4172857
4172970
4173335
4173734
4173780
4174010
4174262
4174281
4174385
4174506
4174994
4175133
4175154
4175440
4175525
4175616
4175637
4175807
4176170
4176755
4176892
4176898
4176908
4176946
4177176
4177206
4177651
4177851
4177862
4177944
4178114
4178395
4178431
4178810
4178826
4178874
4178926
4178976
4179165
4179244
4179675
4179823
4179872
4179873
4180290
4180628
4180790
4180849
4181178
4181187
4181351
4181454
4181583
4181744
4181751
4181782
4181965
4182161
4182189
4182198
4182210
4182327
4182370
4182419
4182562
4182683
4183422
4183953
4184107
4184109
4184252
4184256
4184423
4185029
4185267
4185356
4185471
4185503
4185547
4185607
4185711
4185758
4185780
4185932
4186208
4186463
4187218
4188155
4188191
4188331
4188598
4189293
4189343
4190307
4190500
4190644
4190773
4191479
4191650
4192174
4192647
4193062
4193704
4193868
4194160
4194207
4194652
4194889
4194894
4195039
4195061
4195085
4195231
4195384
4195436
4195572
4195677
4195694
4195698
4195865
4195892
4196024
4196141
4196264
4196636
4196684
4196960
4197245
4197476
4197477
4197485
4197819
4198042
4198381
4198446
4198492
4199441
4199697
4200238
4200520
4200649
4200967
4201172
4201387
4201388
4201390
4201391
4201705
4201717
4201745
4201930
4202045
4202383
4203096
4203555
4203625
4204187
4204199
4204781
4204989
4204991
4205002
4205809
4205811
4205924
4206148
4206177
4206338
4207505
4207539
4207615
4207623
4207935
4207936
4208264
4208390
4208466
4208660
4208815
4208857
4209224
4209423
4209859
4210746
4211001
4211231
4211657
4211799
4212079
4212887
4213271
4213373
4213540
4213628
4214376
4214530
4214610
4215402
4215809
4215978
4216083
4216139
4216188
4216397
4216406
4216432
4216644
4216670
4216708
4216788
4216873
4216894
4216972
4217502
4217557
4217669
4217975
4218101
4218450
4218552
4218813
4218884
4219138
4219481
4219627
4219643
4220002
4220172
4220211
4220238
4220313
4220328
4220618
4220631
4221679
4222001
4222174
4222415
4222876
4223659
4223938
4224004
4224118
4224926
4224940
4224968
4225273
4225324
4225874
4226021
4226238
4226263
4226266
4226991
4227449
4228164
4228361
4228503
4228686
4228802
4229440
4229909
4230641
4231770
4232076
4232181
4232311
4232324
4232337
4232495
4232691
4232697
4233565
4233724
4233811
4234083
4234112
4234127
4234480
4234788
4234997
4236312
4236484
4237062
4237140
4237198
4237315
4237824
4238191
4238808
4239206
4239381
4239471
4239487
4239682
4239780
4239897
4239938
4241026
4241033
4241223
4241530
4241908
4242103
4242241
4242514
4242519
4242574
4242669
4242733
4242814
4242816
4242843
4242962
4243161
4243445
4243575
4243587
4243666
4243821
4244078
4244438
4244662
4245143
4245252
4245409
4245840
4245842
4245975
4246127
4246141
4246187
4246284
4246395
4246450
4246451
4246661
4246663
4247084
4247238
4247350
4247358
4247719
4247802
4248429
4248725
4248728
4249568
4249827
4250169
4251304
4251306
4252581
4252861
4252872
4253797
4253901
4253962
4254223
4254485
4254542
4254781
4256228
4256761
4256889
4258293
4258295
4258683
4260380
4260520
4260535
4260546
4260918
4261072
4261810
4261842
4261933
4262562
4263255
4263360
4263576
4263748
4263848
4263879
4263898
4264073
4264234
4264617
4264766
4265485
4265600
4266029
4266188
4266367
4266517
4266590
4266654
4266794
4266809
4266864
4267414
4267417
4267582
4268622
4268895
4268911
4269034
4269569
4269714
4270024
4270829
4270932
4271013
4272156
4272162
4272240
4272488
4273250
4273323
4273391
4273560
4273632
4273948
4274025
4274575
4274955
4275359
4275423
4275889
4276172
4276173
4276422
4276510
4276560
4277253
4277749
4278669
4279553
4279681
4279913
4280071
4280354
4280498
4280571
4280726
4280820
4280828
4281109
4281826
4282096
4282316
4282532
4282857
4283381
4283690
4283893
4284492
4284844
4284982
4285308
4285717
4285898
4286201
4286497
4286642
4287844
4288310
4288544
4289309
4289526
4289914
4290728
4290976
4291025
4291454
4291649
4293560
4294416
4295129
4295261
4295287
4295336
4295478
4295624
4295956
4296227
4296611
4296653
4296728
4297304
4297376
4297400
4297667
4297668
4297799
4297894
4298026
4298028
4298692
4298740
4298809
4299094
4299408
4299417
4299418
4299449
4299505
4299535
4299544
4299551
4299829
4300092
4300243
4300305
4300442
4300557
4300704
4301427
4301699
4302537
4302555
4302686
4302739
4302754
4303233
4303258
4303970
4304002
4304008
4304010
4304377
4304484
4304798
4305080
4305303
4305376
4305500
4305841
4306058
4306267
4306292
4306572
4306923
4306934
4307254
4307774
4307820
4307925
4307956
4307981
4308074
4308093
4308393
4308394
4308509
4308696
4308802
4308835
4308861
4309063
4309188
4309257
4309320
4309345
4309525
4309542
4309675
4310235
4310400
4310821
4310999
4311117
4311159
4311246
4311499
4311591
4311629
4312685
4312698
4313083
4313365
4313767
4313828
4314071
4314161
4314637
4316083
4317258
4317278
4317685
4318111
4319280
4319447
4319889
4320332
4320635
4320791
4320824
4320944
4321835
4322024
4322175
4322726
4322881
4322945
4323193
4323342
4323418
4323686
4323778
4323893
4324765
4326356
4326601
4327889
4328079
4328217
4328349
4328804
4328941
4329041
4329445
4329560
4329728
4329847
4330445
4331284
4331304
4331508
4331953
4332246
4332304
4333227
4334322
4334801
4335747
4336157
4336226
4336254
4336384
4337543
4337941
4338031
4338120
4338512
4338669
4339092
4339214
4339410
4339489
4340379
4340380
4340383
4340493
4340520
4340521
4340799
4340960
4340964
4341635
4341657
4341763
4342640
4342875
4342896
4344158
4344165
4344258
4344264
4344387
4344493
4344498
4344500
4344612
4345332
4345578
4345680
4346970
4346975
4347174
4347178
4347287
4347307
4347525
4353709
35622934
35622958
35623051
35624677
35624756
35624757
36675105
36676834
36676835
36676836
36676837
36683296
36683375
36684319
36684454
36684455
36684461
36684473
36684573
36684575
36684817
36684820
36684864
36684905
36685086
36685152
36686527
36686528
36712695
36712772
36712779
36712806
36712821
36712827
36712846
36712860
36712930
36712982
36712983
36712986
36713098
36713099
36713101
36713102
36713103
36713107
36713108
36713109
36713110
36713111
36713112
36713113
36713170
36713915
36713918
36713926
36714118
36714126
36714559
36714686
36714693
36714927
36714994
36715479
36715557
36715573
36715574
36715746
36715792
36715916
36715917
36715918
36716163
36716270
36716624
36716659
36716700
36716836
36716935
36716936
36716945
36716978
36717006
36717036
36717114
36717115
36717169
36717267
36717286
36717682
37016114
37016130
37016191
37016193
37016282
37016310
37016338
37016342
37016348
37016349
37016354
37016767
37016768
37016882
37017081
37017182
37017267
37017431
37017432
37017436
37018196
37018293
37018338
37018688
37018842
37018854
37018860
37018875
37018918
37018982
37019054
37108714
37108731
37108742
37108814
37108940
37108941
37109056
37109275
37109307
37109512
37109843
37110250
37110322
37115756
37116361
37116511
37116538
37116608
37116630
37116631
37116845
37117053
37117095
37117120
37118025
37119138
37203984
37204002
37204169
37204824
37205080
37206102
37206607
37206719
37208024
37208028
37208040
37208045
37208046
37209603
37209605
37209616
37209617
37309626
37309664
37311061
37311250
37312105
37312520
37312529
37312532
37394658
37395564
37396146
37396333
37396726
37396808
37397422
37397429
37399393
40277917
40304526
40305987
40318195
40319772
40321716
40326053
40400785
40405599
40434290
40441585
40443308
40479192
40479260
40479565
40479573
40479576
40479583
40479589
40479594
40479606
40479607
40479625
40479837
40479839
40480002
40480043
40480065
40480066
40480082
40480128
40480160
40480217
40480232
40480261
40480278
40480429
40480435
40480453
40480461
40480491
40480500
40480514
40480602
40480603
40480893
40480943
40480944
40481042
40481043
40481080
40481089
40481091
40481101
40481140
40481179
40481180
40481299
40481302
40481303
40481319
40481325
40481327
40481346
40481357
40481367
40481385
40481531
40481632
40481762
40481798
40481816
40481841
40481861
40481896
40481897
40481901
40481907
40481908
40481919
40481920
40481975
40482228
40482236
40482237
40482241
40482247
40482260
40482267
40482301
40482444
40482494
40482638
40482662
40482683
40482713
40482727
40482784
40482801
40482807
40482859
40482865
40482871
40482893
40483107
40483111
40483134
40483171
40483172
40483183
40483189
40483220
40483262
40483286
40483287
40483292
40483317
40483342
40483613
40483794
40483833
40484028
40484102
40484532
40484571
40484648
40484892
40484908
40484935
40485020
40485064
40486629
40486896
40486933
40487064
40487393
40487528
40488439
40488813
40488896
40488954
40489808
40489907
40489908
40489910
40490423
40490497
40490888
40490918
40490929
40490986
40491340
40491439
40491960
40491988
40492266
40492267
40492392
40492458
40493038
40546087
40548161
40568467
40622721
40650479
42534961
42534962
42535403
42535737
42536547
42536696
42536891
42537043
42537251
42537252
42537304
42537729
42537730
42537741
42537742
42537745
42537748
42538117
42538119
42538827
42538916
42539051
42539121
42539251
42539474
42539502
42539582
42539698
42709742
42709830
42709838
42709840
42709857
42709887
42709954
42710045
42872381
42872398
42872416
42873007
42873157
42873169
42873170
43020424
43020429
43020434
43020449
43020460
43020472
43020475
43020476
43020485
43020910
43020938
43021054
43021202
43021203
43021237
43021248
43021250
43021258
43021778
43021779
43021844
43021951
43021974
43021985
43022059
43022062
43022069
43530605
43530621
43530622
43530625
43530626
43530637
43530648
43530652
43530661
43530666
43530680
43530681
43530687
43530690
43530691
43530693
43530695
43530714
43530718
43530719
43530727
43530742
43530760
43530837
43530950
43531003
43531007
43531008
43531010
43531027
43531028
43531046
43531058
43531059
43531065
43531419
43531560
43531561
43531563
43531578
43531604
43531616
43531622
43531624
43531681
43531721
44782421
44782429
44782442
44782446
44782447
44782549
44782655
44782681
44782690
44782714
44782715
44782718
44782719
44782728
44782732
44782733
44782735
44782741
44782743
44782744
44782747
44782751
44782752
44782760
44782762
44782768
44782778
44783027
44783028
44783163
44783205
44783628
44783644
44783760
44783882
44783972
44784105
44784132
44784217
44784251
44784439
44784621
44784631
44784632
44784638
44806773
44808422
44808984
45757092
45757112
45757113
45757134
45757231
45757232
45757234
45757235
45757269
45757285
45757320
45757363
45757370
45757371
45757381
45757404
45757415
45757468
45757474
45757504
45757505
45757559
45757591
45757639
45757649
45757650
45757656
45757691
45757736
45757773
45757776
45757810
45763549
45763561
45763589
45763749
45763750
45763854
45763855
45765623
45766207
45766714
45766819
45766898
45767658
45767695
45768450
45768480
45768754
45768755
45768812
45768908
45768910
45768963
45768964
45768965
45769139
45769207
45769242
45769350
45769441
45769461
45769862
45769876
45769895
45770886
45770891
45770892
45770902
45770904
45771045
45771090
45771676
45772085
45772090
45772125
45772671
45772786
45772937
45773176
45773181
45773430
46269750
46269752
46269754
46269755
46269757
46269791
46269816
46269823
46269839
46269841
46269847
46269874
46269875
46269877
46269879
46269880
46269881
46269882
46269884
46269885
46269886
46269889
46269907
46269921
46269925
46270027
46270082
46270117
46270151
46270156
46270163
46270315
46270347
46270376
46270383
46270470
46270513
46270564
46271022
46271075
46271402
46271795
46272242
46272380
46272418
46272492
46272830
46273162
46273207
46273239
46273370
46273390
46273423
46273463
46273477
46273478
46273487
46273539
46273631
46273641
46273652
46273719
46273829
46274035
46274062
46274127
46286594
