523202
523204
528323
528328
528986
528988
528990
529042
529044
529046
529072
529118
529218
529303
529411
700295
701322
702774
703244
703246
703248
703544
703547
704600
704601
704943
704944
704945
704972
705002
705103
705108
705109
705110
705178
705944
708298
709567
710062
710185
710650
710722
710723
711584
711586
711588
711589
711620
711621
712615
712616
712619
712620
712621
712642
712643
713132
713823
713824
713825
713830
713831
713852
713853
714684
714785
714819
714847
714850
714851
715233
715235
715236
715239
715259
715292
715294
715295
715298
715300
715301
715939
715940
715962
715965
715966
715997
716968
717136
717165
717166
717607
718122
718127
718128
718129
719174
719311
719378
719380
719416
719419
720727
720730
720731
720810
721724
721760
722031
722121
722153
723013
723020
723042
724394
724816
724856
725131
725172
725173
725174
725178
725179
725180
729855
730551
730822
730879
731533
732893
733008
733301
734275
734303
734304
734354
734356
734360
734392
734394
734396
734400
734708
734711
735979
736015
736019
736020
736021
736053
736054
736055
738156
738818
739138
739202
739207
739209
739323
739329
740117
740118
740244
740246
740264
740275
740281
740394
740910
742185
742188
742189
742267
742268
742269
742270
742302
742303
742304
742598
743670
743717
743718
743719
743720
743721
743752
743753
743793
743794
743795
744740
744798
744800
745466
749910
749932
750982
751347
751412
752061
752092
752094
752095
752205
752209
752211
753626
753629
753630
755695
755700
755735
755739
755763
756018
757352
757356
757358
757688
757690
757691
757712
757759
766209
766529
766814
766815
766816
766819
766820
766821
766842
766850
766851
766923
766924
766927
769936
777221
778268
778296
778299
778357
778474
778475
778476
778478
778479
778504
778505
778711
778740
778764
778765
781039
781040
781041
781062
781063
781095
781099
781126
781182
781184
785649
785788
785815
785821
785842
785874
787787
789578
789580
789581
789612
790240
790253
790256
791967
792000
792001
792494
792695
792777
792781
792784
792786
792867
793143
793147
793152
793154
793223
793225
793646
794852
797399
797414
797415
797437
797439
797617
797619
797620
797632
797633
798834
798874
798875
798876
798877
798897
798913
798914
798917
798935
800878
800881
800892
836208
836715
836718
836719
836720
901660
901845
902427
902523
902722
902806
902807
902938
902950
903222
903643
903711
903753
903806
903963
904335
904356
904453
904456
904501
904525
904542
904547
904549
904597
904598
904827
904995
904996
905151
905233
905236
905292
905294
905295
905371
905518
906072
906780
906891
906914
906917
906921
906932
906933
906971
906972
906973
907013
907016
907020
907206
907879
908523
909795
910232
911064
911065
911354
911735
913782
914053
914335
914533
915175
915209
915542
915855
915935
915981
916005
916006
916008
916010
916011
916230
916232
916234
917006
917011
917177
917205
917207
917310
917336
917338
917339
917377
918172
918225
918363
918634
918906
919346
919532
920293
920300
920334
920340
920458
920949
920950
922570
922723
922802
922804
922806
923081
923115
923540
923541
923645
923647
923651
923672
923682
923829
923876
924172
924566
924724
924939
925014
925636
927329
927478
927970
927971
928006
929435
929504
929519
929549
929887
929889
929953
929954
930021
930916
932745
932748
932749
932750
932777
933724
934075
934262
936748
936787
938061
938205
938268
938330
938435
939259
939359
939506
939509
939510
939542
939801
939832
939871
939881
939902
939903
939976
940004
940093
940426
940864
941258
941472
941473
941477
941478
941577
942350
942382
942384
942385
942799
943634
945286
948078
948079
948080
948107
948582
948695
949759
950098
950137
950637
950641
950662
950664
950667
950669
950696
950792
951279
951469
951470
951511
951530
951536
951537
951553
952004
953076
953102
953113
954688
955252
955372
955435
955583
956347
956653
956874
956877
957136
957138
957209
957235
957236
957237
957393
960988
961047
961050
961051
961082
961145
961167
961168
961169
961267
961269
962398
963355
963359
964093
964269
964275
964276
964277
964278
964339
964362
964369
964407
965748
965777
966010
966705
966913
966956
967823
967861
967904
968005
968205
968304
968426
968464
968475
968477
968478
968635
968637
968639
968640
968665
968667
968668
968982
968985
968986
970250
970282
970283
974166
974196
974199
974200
974201
974226
974423
974620
974678
974852
974853
974854
975125
975168
975169
975171
975193
975470
975505
975861
975986
976545
976546
976547
976778
976780
977968
977971
978236
978239
978555
978556
978557
980478
980957
981654
981656
981691
981702
981709
981774
981780
981804
984232
984237
985247
985708
985711
986117
986417
986517
986790
987153
987245
987250
987307
987366
987368
987369
987371
987382
987406
989301
989482
989485
989486
989727
989878
989898
990678
991382
991764
991825
991855
991876
992614
992673
992956
993263
993631
993653
993690
993732
993733
994058
994341
996416
996541
997276
997881
997892
997893
997899
997958
997997
998012
998014
998415
1000560
1000632
1000640
1000772
1000979
1001419
1036059
1036228
1036232
1036233
1036237
1036252
1036525
1036884
1036885
1037005
1037006
1037007
1037008
1100333
1101703
1102527
1103006
1103314
1103359
1103360
1103374
1103518
1103552
1103640
1105775
1105889
1106776
1107830
1107882
1107883
1107885
1107966
1107967
1110410
1110727
1110942
1111706
1111707
1112807
1112839
1112892
1112921
1112922
1113013
1113041
1113072
1113076
1113078
1113079
1113102
1113309
1113346
1113617
1113648
1113672
1113673
1113722
1114122
1114220
1114771
1115008
1115067
1115092
1115129
1115171
1115244
1115572
1116031
1116109
1118045
1118047
1118084
1118087
1118088
1118117
1118119
1118120
1118121
1119510
1124300
1124957
1125112
1125315
1125359
1125360
1125392
1125393
1125443
1125449
1126128
1126557
1126658
1126747
1126872
1127433
1127815
1129105
1129232
1129625
1130863
1133201
1133229
1133230
1133231
1133262
1133732
1134439
1134473
1134769
1134771
1135766
1136422
1136487
1136601
1136682
1136687
1136754
1136980
1137460
1137524
1137529
1139042
1139179
1139993
1140643
1140648
1140650
1140651
1140672
1140673
1140706
1143374
1145379
1146285
1146735
1146756
1146810
1149196
1149380
1150345
1150347
1150348
1150349
1150351
1150871
1150924
1150926
1153013
1153428
1153664
1153702
1154029
1154030
1154062
1154063
1154064
1154071
1154077
1154079
1154080
1154081
1154102
1154117
1154161
1154182
1154186
1154192
1154195
1154321
1154332
1154343
1154349
1154380
1154535
1154536
1154615
1154617
1154619
1154621
1154660
1155618
1156378
1163944
1163945
1163948
1165157
1165632
1174888
1177480
1177740
1177770
1177801
1178663
1178665
1178666
1178667
1185922
1185928
1189459
1189490
1189697
1189698
1189699
1189754
1192710
1195334
1195492
1195496
1195497
1195498
1196514
1196534
1196677
1197677
1201620
1236607
1236609
1236610
1236744
1237049
1237231
1237261
1301025
1301065
1301152
1301154
1301156
1301158
1301197
1305637
1307046
1307123
1307125
1307542
1307863
1308034
1308216
1308221
1308249
1308250
1308251
1308304
1308306
1308368
1308842
1308851
1308874
1308876
1308877
1308879
1309068
1309069
1309070
1309099
1309204
1309799
1309800
1309801
1309832
1309944
1309992
1309995
1309999
1310001
1310037
1310149
1311276
1311278
1312743
1313200
1314002
1314006
1314008
1314009
1314042
1314047
1314048
1314049
1314577
1314616
1315865
1316262
1316263
1316265
1316268
1316269
1316304
1317640
1317967
1318853
1321341
1321363
1322184
1322185
1322189
1326115
1326303
1326411
1326443
1328165
1328583
1328589
1328591
1328689
1331235
1331240
1331241
1331270
1332418
1332419
1332420
1332421
1332442
1334456
1334459
1334460
1334494
1335471
1336926
1336975
1337107
1337111
1337145
1337720
1337860
1338005
1340128
1340161
1341238
1341268
1341270
1341302
1341927
1342439
1342441
1342472
1342473
1343916
1344143
1344242
1344244
1344245
1346823
1346827
1346828
1346990
1346991
1347384
1347386
1347387
1347450
1350310
1350311
1350332
1351115
1351116
1351120
1351144
1351148
1351153
1351557
1351559
1351583
1351587
1353256
1353766
1353776
1354698
1354860
1356213
1360067
1360332
1360333
1360340
1360402
1361335
1361578
1361669
1361670
1361711
1361859
1362236
1362392
1362393
1362979
1363749
1366400
1366413
1366415
1366417
1366423
1366754
1366755
1366757
1366768
1366769
1367500
1367571
1368671
1370109
1380068
1381504
1383815
1383844
1383849
1383850
1383869
1383925
1383930
1386957
1387452
1387458
1387574
1388796
1388799
1388800
1388801
1388826
1389857
1395058
1395060
1395073
1395573
1395619
1395620
1398937
1501617
1502830
1502905
1502910
1503297
1503327
1503328
1506270
1506314
1506315
1506426
1506430
1506479
1507705
1510232
1510467
1510687
1510700
1510787
1510788
1510813
1511246
1511247
1511248
1511304
1511446
1513912
1513915
1513916
1516766
1516976
1516978
1516979
1516980
1516981
1517824
1517827
1518013
1518148
1518254
1518257
1518258
1518259
1518261
1518292
1518293
1518606
1525215
1525216
1525217
1525218
1525220
1525221
1526475
1526476
1526479
1526480
1529331
1529352
1536985
1537618
1539403
1539406
1539407
1539410
1539411
1539462
1539463
1544838
1545958
1545959
1545996
1545997
1545998
1545999
1547504
1547510
1548195
1548197
1548198
1548199
1548364
1548365
1548368
1548369
1548416
1548999
1549686
1550023
1550557
1551099
1551100
1551101
1551122
1551123
1551170
1551192
1551193
1551196
1551198
1551232
1551234
1551803
1551838
1551839
1551860
1551924
1551983
1552056
1552310
1552350
1555120
1555142
1558242
1558249
1558471
1559684
1559685
1559784
1559877
1559976
1560171
1560524
1560525
1560556
1560558
1560559
1560751
1560781
1567198
1567201
1567232
1567234
1580747
1583722
1583727
1586346
1588986
1592085
1592267
1592474
1592482
1592526
1592528
1592529
1592668
1592897
1593063
1593064
1593065
1593107
1593112
1593123
1593467
1593496
1593510
1593599
1593611
1593614
1593696
1593697
1593698
1593743
1593744
1593803
1593825
1593834
1593937
1593966
1593967
1593969
1593970
1593995
1594231
1594233
1594367
1594368
1594382
1594658
1594674
1594686
1594701
1594705
1594718
1596916
1596957
1596977
1596999
1597756
1597757
1597759
1597760
1597761
1597772
1597773
1703603
1703606
1703607
1703608
1703687
1703689
1703691
1703742
1703743
1703749
1703836
1703869
1705674
1705676
1707164
1707313
1707343
1707344
1707346
1707348
1707472
1707479
1707687
1707751
1707772
1708880
1708903
1708904
1708959
1709170
1711759
1711761
1711792
1713332
1713368
1713370
1713545
1713547
1713671
1713694
1713957
1714319
1714351
1714372
1715117
1716903
1716904
1716905
1717240
1717327
1717963
1718370
1718656
1718691
1718692
1718695
1718696
1718697
1718698
1718700
1718702
1718735
1718736
1718737
1718750
1718751
1718752
1718875
1719007
1719008
1719009
1719012
1719046
1724666
1724667
1724668
1724703
1728416
1728605
1729720
1734104
1734108
1734132
1734133
1734134
1735947
1735948
1736887
1736892
1738366
1738368
1738521
1738579
1738611
1738756
1741122
1741309
1741402
1742253
1742254
1742255
1742257
1742258
1742282
1742284
1746114
1746143
1746940
1748975
1749008
1750087
1750296
1750297
1750500
1750562
1754994
1754995
1754996
1755076
1763846
1768849
1769535
1771162
1771221
1775741
1776430
1776544
1776684
1777806
1778162
1778262
1784444
1786055
1786617
1786621
1786652
1786682
1789276
1790697
1790812
1790815
1790982
1790985
1791043
1791051
1796435
1796458
1797258
1797513
1797515
1797516
1797556
1797557
1836241
1836430
1836433
1836434
1836449
1836452
1836467
1836503
1836948
1836953
1836978
19000635
19002273
19002274
19002364
19002365
19002487
19002800
19003315
19003316
19003319
19003514
19003855
19003925
19003953
19004081
19004082
19004471
19004541
19004693
19004694
19004695
19004696
19004895
19005015
19005046
19005696
19005929
19005965
19005966
19005967
19005968
19006207
19006208
19006231
19006232
19006233
19006410
19006863
19006967
19007685
19007702
19008027
19008091
19008158
19008339
19008455
19008523
19008572
19008619
19008620
19008700
19008723
19008724
19009384
19009540
19009836
19009838
19010040
19010120
19010270
19010291
19010292
19010403
19010433
19011035
19011735
19011773
19011786
19011852
19011853
19012598
19012617
19012749
19012750
19015726
19015748
19016199
19016200
19016315
19016422
19016670
19016710
19016749
19016799
19016821
19017556
19018419
19018750
19018781
19018782
19018786
19018811
19018817
19018819
19018820
19018841
19018850
19018872
19018875
19018876
19018906
19018907
19018909
19018935
19018937
19018976
19019003
19019004
19019042
19019044
19019050
19019072
19019073
19019074
19019112
19019113
19019114
19019115
19019116
19019117
19019236
19019238
19019239
19019271
19019272
19019273
19019301
19019302
19019309
19019331
19019332
19019333
19019335
19019336
19019412
19019413
19019414
19019418
19019419
19019483
19019485
19019529
19019530
19019581
19019586
19019589
19019665
19019666
19019693
19019696
19019814
19019816
19019852
19019860
19019937
19019979
19020053
19020131
19020136
19020365
19020395
19020400
19020429
19020512
19020854
19020990
19021074
19021150
19021312
19021629
19021712
19021852
19022066
19022177
19022457
19022486
19022749
19022750
19022781
19022782
19022947
19022948
19022949
19023037
19023062
19023063
19023064
19023231
19023235
19023301
19023302
19023311
19023335
19023368
19023382
19023383
19023384
19023385
19023387
19023422
19023424
19023425
19023426
19023453
19023454
19023487
19023521
19023551
19023563
19023564
19023615
19023616
19023636
19023669
19023791
19023799
19023828
19023830
19024227
19024237
19024268
19024770
19024814
19025066
19025274
19025284
19025910
19025985
19026061
19026067
19026294
19026476
19026511
19027325
19027362
19027427
19027462
19027493
19027621
19027624
19027625
19027629
19027661
19027805
19027835
19027883
19027958
19028031
19028039
19028050
19028283
19028312
19028379
19028418
19028579
19028795
19028828
19028933
19028935
19028938
19029024
19029025
19029026
19029027
19029067
19029133
19029375
19029376
19029479
19029720
19029780
19030040
19030099
19030162
19030163
19030443
19030445
19030536
19030604
19030822
19031562
19031564
19031570
19031625
19031629
19031630
19031830
19031851
19032002
19032704
19033380
19033403
19033404
19033405
19033406
19033409
19033410
19033449
19033450
19033500
19033564
19033566
19033603
19033622
19033627
19033687
19033893
19033921
19033925
19034044
19034074
19034291
19034328
19034537
19034538
19034582
19034620
19034647
19034804
19034805
19034807
19034886
19035044
19035045
19035050
19035072
19035115
19035117
19035273
19035279
19035312
19035327
19035414
19035629
19035631
19035704
19035708
19035710
19036004
19036167
19036242
19036246
19036337
19036366
19036426
19036449
19036450
19036471
19036525
19036526
19036703
19036771
19036773
19036781
19036828
19036829
19036978
19036979
19037038
19037061
19037062
19037223
19037401
19037481
19037482
19037528
19037642
19037684
19037774
19037776
19037833
19037852
19038321
19038428
19038547
19038549
19038578
19038579
19038598
19038872
19038876
19038961
19038967
19038968
19039286
19039383
19039819
19039822
19039926
19039961
19040187
19040280
19040761
19040856
19041103
19041194
19041255
19041287
19041324
19041464
19041503
19041823
19041827
19041943
19041944
19042149
19042337
19042362
19042612
19042726
19042762
19042903
19042994
19043177
19043252
19043403
19043772
19043841
19043842
19043843
19044121
19044522
19044609
19044710
19044761
19044797
19044903
19045011
19045012
19045045
19045048
19045071
19045159
19045255
19045493
19045787
19045932
19045936
19046742
19046812
19046813
19046905
19047004
19047008
19047039
19047064
19047193
19047283
19047483
19047638
19047693
19047727
19047730
19047895
19047955
19048247
19048248
19049105
19049106
19049145
19049335
19049375
19049684
19049686
19049904
19049909
19050488
19051345
19051927
19053149
19054100
19054402
19055153
19056879
19056880
19056978
19057007
19057064
19057099
19057100
19057128
19057129
19057195
19057196
19057197
19057271
19057272
19057346
19057397
19057478
19057568
19057592
19057624
19057662
19057735
19058092
19058154
19058155
19058160
19058199
19058200
19058274
19058279
19058319
19058392
19058398
19058572
19058574
19058634
19058639
19058992
19059056
19059414
19059528
19059547
19059656
19059823
19060647
19061088
19061326
19061670
19062257
19062258
19062574
19062817
19063575
19065085
19065475
19065567
19066057
19066163
19066274
19067230
19067291
19067555
19067557
19067686
19067927
19067971
19067978
19068025
19068056
19068124
19068334
19068370
19068715
19068724
19068730
19068758
19068781
19069022
19069049
19069199
19069200
19069705
19069707
19069708
19070310
19070747
19070869
19071112
19071128
19071336
19071338
19071339
19071430
19071455
19071458
19071475
19071493
19071494
19071496
19071695
19071698
19071700
19072158
19072159
19072176
19072207
19072240
19072262
19072269
19072270
19072293
19072294
19072321
19072359
19072529
19072530
19072551
19072556
19072933
19072934
19072937
19072967
19073093
19073094
19073183
19073186
19073187
19073188
19073189
19073219
19073408
19073585
19073612
19073642
19073712
19073777
19073874
19073894
19074137
19074138
19074153
19074181
19074244
19074247
19074279
19074492
19074493
19074494
19074500
19074522
19074523
19074556
19074557
19074558
19074586
19074641
19074672
19074673
19074680
19074691
19074694
19074697
19074721
19074722
19074816
19074847
19074872
19074932
19074934
19074977
19075001
19075002
19075032
19075033
19075034
19075035
19075302
19075341
19075342
19075343
19075376
19075380
19075394
19075427
19075428
19075429
19075430
19075531
19075601
19075602
19075603
19075604
19075605
19075608
19076136
19076145
19076175
19076324
19076374
19076415
19076492
19076522
19076623
19076658
19076659
19076660
19076703
19076704
19076705
19076733
19076752
19076753
19076899
19076956
19076997
19077241
19077242
19077244
19077245
19077375
19077401
19077408
19077410
19077462
19077463
19077464
19077498
19077513
19077546
19077547
19077548
19077549
19077550
19077571
19077574
19077577
19077579
19077607
19077631
19077636
19077637
19077638
19077653
19077654
19077659
19077682
19077738
19077763
19077884
19077885
19077891
19077928
19077929
19077930
19077950
19078080
19078101
19078106
19078140
19078166
19078283
19078285
19078314
19078344
19078440
19078461
19078493
19078522
19078554
19078555
19078557
19078558
19078559
19078603
19078612
19078632
19078751
19078781
19078823
19078824
19078859
19078921
19078922
19078924
19078925
19078988
19079028
19079119
19079152
19079153
19079154
19079155
19079160
19079171
19079172
19079177
19079250
19079293
19079300
19079321
19079322
19079462
19079463
19079465
19079497
19079498
19079524
19079527
19079551
19079656
19079658
19079711
19079712
19079771
19079773
19079779
19079834
19079835
19079896
19079960
19079985
19079990
19080040
19080061
19080095
19080128
19080129
19080130
19080155
19080157
19080181
19080187
19080217
19080218
19080226
19080241
19080242
19080243
19080255
19080256
19080281
19080283
19080284
19080314
19080315
19080793
19081057
19081088
19081294
19081295
19081397
19081451
19081453
19081496
19081499
19081500
19081616
19081767
19082346
19082350
19082433
19082488
19082703
19082954
19082968
19083195
19084670
19085723
19085996
19086191
19086781
19087090
19087105
19087108
19087394
19087660
19088079
19089873
19090761
19090767
19090984
19090986
19090988
19092377
19092378
19092849
19092935
19092936
19093454
19093716
19093848
19093949
19093967
19093968
19093969
19095136
19095164
19095165
19095181
19095211
19095309
19095325
19095327
19096357
19096595
19096677
19096678
19096740
19096752
19096758
19096774
19096776
19098138
19098166
19098167
19098287
19098303
19098376
19098377
19098438
19098439
19098474
19098477
19098478
19098479
19098480
19098491
19099245
19099438
19099572
19099661
19099839
19099840
19099857
19099943
19100504
19100505
19100506
19100691
19101536
19101553
19101573
19101612
19101814
19101883
19102189
19102192
19102204
19102205
19102213
19102297
19102298
19102396
19102397
19102399
19102455
19102466
19102492
19102493
19102504
19102509
19102510
19102518
19102520
19102546
19102549
19102550
19102648
19102651
19102734
19102755
19102836
19102846
19102859
19102870
19102899
19103915
19103985
19104281
19105478
19106768
19106973
19107271
19107912
19108043
19108285
19110450
19111620
19111644
19112051
19112569
19112586
19112640
19112656
19112670
19112671
19112761
19112791
19112814
19112920
19112949
19113148
19113287
19113288
19113340
19113342
19113344
19113371
19113450
19113466
19113468
19113481
19113500
19113503
19113679
19113754
19113791
19113806
19113861
19114045
19114047
19114106
19114219
19115123
19115197
19115237
19115253
19115919
19116114
19116140
19116968
19116988
19117200
19117210
19117233
19117945
19118025
19118027
19118237
19118323
19118344
19118743
19118900
19120256
19120296
19120522
19120656
19120749
19120966
19120997
19121123
19121182
19121187
19121195
19121296
19121383
19121385
19121418
19121580
19121591
19121592
19121909
19121933
19122099
19122148
19122189
19122215
19122414
19122432
19122479
19122492
19122506
19122549
19122573
19122675
19122891
19123052
19123103
19123104
19123105
19123106
19123143
19123151
19123159
19123161
19123163
19123165
19123167
19123169
19123171
19123173
19123202
19123231
19123233
19123237
19123300
19123353
19123359
19123437
19123592
19123593
19123605
19123886
19123983
19123985
19123989
19124219
19124246
19124247
19124424
19124477
19124906
19125041
19125043
19125045
19125047
19125049
19125051
19125104
19125223
19125239
19125424
19126173
19126352
19126405
19126425
19126582
19126585
19126602
19126627
19126665
19126697
19126731
19126823
19127005
19127213
19127359
19127417
19127535
19127610
19127663
19127762
19127784
19127952
19127954
19128018
19128020
19128124
19128131
19128279
19128382
19128554
19129039
19129175
19129194
19129337
19129398
19129446
19129447
19129512
19129513
19129540
19129541
19129581
19129664
19129666
19129668
19129681
19129683
19130340
19130449
19130466
19130881
19131007
19131009
19131060
19131097
19131099
19131109
19131111
19131116
19131118
19131157
19131348
19131640
19131658
19131790
19131793
19132301
19132401
19132560
19132561
19132562
19132563
19132594
19132596
19132612
19132614
19132616
19132620
19132775
19132782
19132783
19132795
19132804
19132843
19132847
19132849
19132851
19132853
19132855
19132857
19132859
19132861
19132868
19132870
19132872
19133020
19133021
19133022
19133023
19133083
19133088
19133217
19133280
19133286
19133347
19133365
19133443
19133457
19133558
19133562
19133566
19133570
19133574
19133578
19133585
19133591
19133614
19133621
19133622
19133653
19133684
19133768
19133802
19133815
19133844
19133853
19133854
19133873
19133905
19134039
19134047
19134048
19134049
19135223
19135231
19135253
19135276
19135374
19135405
19135444
19135457
19135500
19135631
19135752
19135831
19136034
19137312
19137328
19137329
21030769
21062401
21075707
21081892
21106133
21112229
21112697
21168390
21176265
35135829
35147333
35200102
35200800
35201708
35201983
35201984
35202003
35202004
35202020
35602717
35602720
35602724
35602729
35602731
35602899
35603039
35603040
35603043
35603044
35603089
35603224
35603225
35603226
35603227
35603238
35603243
35603277
35603327
35603329
35603386
35603389
35603395
35603397
35603428
35603429
35603430
35603431
35603432
35603433
35603455
35603514
35603523
35603556
35603600
35603624
35603636
35603805
35603809
35603810
35603813
35603814
35603815
35603817
35603827
35603836
35603838
35603840
35603847
35603852
35603855
35603873
35603875
35603938
35603944
35604011
35604013
35604015
35604020
35604021
35604022
35604068
35604094
35604117
35604317
35604318
35604319
35604321
35604322
35604323
35604324
35604325
35604327
35604329
35604339
35604352
35604353
35604354
35604356
35604357
35604358
35604360
35604437
35604506
35604509
35604513
35604514
35604515
35604516
35604526
35604527
35604547
35604569
35604576
35604581
35604586
35604593
35604673
35604691
35604692
35604693
35604694
35604734
35604759
35604832
35604843
35604847
35604851
35604918
35604926
35604998
35605231
35605310
35605311
35605312
35605336
35605338
35605342
35605343
35605375
35605378
35605380
35605395
35605422
35605480
35605482
35605552
35605556
35605620
35605622
35605661
35605728
35605730
35605731
35605733
35605734
35605770
35605815
35605835
35605837
35605844
35605845
35605848
35605859
35605867
35605885
35605886
35605891
35605895
35605896
35605897
35605913
35605929
35605937
35605998
35606001
35606006
35606118
35606120
35606150
35606152
35606190
35606217
35606268
35606282
35606284
35606298
35606308
35606310
35606311
35606312
35606313
35606314
35606370
35606372
35606395
35606458
35606460
35606488
35606491
35606521
35606532
35606533
35606536
35606542
35606545
35606547
35606552
35606554
35606555
35746407
35766946
35855926
35860722
35863543
35864285
35872942
36249117
36249147
36249333
36249592
36249636
36249641
36249642
36249643
36249644
36249645
36249687
36249688
36249689
36249690
36249701
36249702
36249703
36249709
36249710
36249711
36249712
36249718
36249719
36249734
36249735
36249736
36249737
36249738
36249739
36249753
36249969
36250066
36250068
36250076
36250077
36250079
36250095
36250097
36250099
36250102
36250103
36250108
36250115
36250116
36250122
36250124
36250129
36250141
36250144
36250147
36250149
36250151
36250154
36250163
36250165
36250167
36257150
36273396
36882716
36885577
36885592
36886781
36894423
36894722
37003607
37003616
37003617
37497785
37498003
37498244
37498993
37499125
37499807
40007695
40013493
40018865
40035968
40044592
40048828
40050771
40051248
40054443
40060701
40061544
40064205
40072394
40074086
40075755
40076079
40077118
40079815
40087247
40090252
40098114
40136066
40141424
40160948
40160949
40160970
40160971
40160973
40160974
40160985
40160989
40160990
40160991
40160992
40160993
40160994
40160995
40160996
40160997
40160998
40161887
40162307
40162311
40162312
40162315
40162335
40162344
40162346
40162347
40162359
40162360
40162381
40162382
40162401
40162431
40162434
40162436
40162437
40162438
40162449
40162450
40162451
40162452
40162453
40162464
40162465
40162472
40162494
40162502
40162503
40162511
40162512
40162514
40162515
40162517
40162522
40162524
40162552
40162553
40162563
40162570
40162587
40162601
40162606
40162618
40162672
40162673
40162683
40162695
40162717
40162719
40162724
40162729
40162732
40162737
40162864
40162867
40162871
40162875
40162878
40162879
40163055
40163063
40163070
40163208
40163209
40163215
40163285
40163286
40163287
40163312
40163313
40163333
40163334
40163342
40163350
40163361
40163363
40163383
40163384
40163406
40163433
40163458
40163460
40163461
40163464
40163465
40163468
40163471
40163473
40163474
40163476
40163492
40163493
40163494
40163496
40163497
40163500
40163501
40163502
40163504
40163505
40163510
40163511
40163512
40163513
40163518
40163519
40163520
40163524
40163525
40163526
40163527
40163534
40163535
40163536
40163540
40163541
40163542
40163546
40163547
40163550
40163554
40163555
40163556
40163557
40163560
40163566
40163567
40163568
40163569
40163615
40163617
40163618
40163630
40163631
40163634
40163638
40163639
40163642
40163643
40163646
40163647
40163650
40163651
40163654
40163655
40163661
40163666
40163667
40163668
40163670
40163672
40163674
40163676
40163678
40163680
40163682
40163684
40163686
40163688
40163690
40163692
40163694
40163696
40163698
40163700
40163702
40163704
40163706
40163708
40163710
40163718
40163720
40163721
40163753
40163755
40163760
40163762
40163764
40163783
40163789
40163790
40163795
40163799
40163800
40163814
40163817
40163818
40163845
40163849
40163867
40163868
40163870
40163871
40163872
40163878
40163888
40163891
40163897
40163900
40163905
40163906
40163907
40163909
40163910
40163911
40163912
40163913
40163914
40163915
40163916
40163917
40163918
40163924
40163926
40163928
40163929
40163946
40163975
40164014
40164052
40164101
40164102
40164152
40164501
40164504
40164505
40164508
40164514
40164516
40164520
40164521
40164523
40164525
40164526
40164715
40164842
40164847
40164851
40164852
40164891
40164892
40164897
40164898
40164900
40164923
40164925
40164929
40164930
40164932
40164946
40164947
40164990
40164991
40164994
40164999
40165006
40165015
40165017
40165020
40165138
40165161
40165162
40165165
40165166
40165167
40165169
40165170
40165177
40165181
40165210
40165220
40165245
40165246
40165253
40165254
40165257
40165258
40165261
40165262
40165359
40165374
40165389
40165599
40165653
40165654
40165695
40165710
40165757
40165762
40165763
40165767
40165773
40165774
40165789
40165790
40165809
40165997
40166002
40166037
40166041
40166051
40166052
40166131
40166132
40166133
40166134
40166135
40166136
40166274
40166295
40166310
40166320
40166322
40166326
40166330
40166362
40166448
40166450
40166451
40166455
40166540
40166541
40166542
40166605
40166656
40166704
40166801
40166802
40166808
40166809
40166814
40166815
40166816
40166824
40166825
40166826
40166827
40166828
40166829
40166830
40166831
40166838
40167020
40167021
40167040
40167196
40167197
40167200
40167202
40167203
40167213
40167218
40167219
40167224
40167259
40167261
40167431
40167432
40167435
40167436
40167439
40167443
40167444
40167447
40167793
40167801
40167885
40167992
40168103
40168114
40168116
40168118
40168136
40168436
40168438
40168440
40168443
40168447
40168448
40168450
40168532
40168549
40168599
40168654
40168655
40168659
40168664
40168665
40168669
40168812
40168821
40168884
40168888
40168896
40168991
40169036
40169037
40169039
40169046
40169054
40169195
40169202
40169206
40169207
40169208
40169216
40169217
40169222
40169223
40169230
40169231
40169232
40169233
40169234
40169235
40169236
40169237
40169242
40169243
40169244
40169245
40169246
40169247
40169269
40169270
40169271
40169275
40169279
40169280
40169281
40169282
40169285
40169286
40169327
40169334
40169451
40169458
40169465
40169466
40169683
40169685
40169689
40169691
40169695
40169706
40169889
40169902
40169908
40169924
40169929
40169930
40169944
40169960
40169988
40169993
40170056
40170911
40171016
40171045
40171255
40171396
40171397
40171398
40171425
40171428
40171446
40171497
40171499
40171504
40171510
40171512
40171516
40171547
40171550
40171556
40171559
40171661
40171665
40171668
40171671
40171675
40171676
40171682
40171690
40171849
40171852
40171863
40171884
40171905
40171917
40172166
40172381
40172382
40172810
40172924
40172926
40172928
40172930
40173071
40173072
40173073
40173098
40173099
40173104
40173105
40173118
40173129
40173131
40173132
40173137
40173151
40173301
40173399
40173400
40173403
40173407
40173433
40173447
40173448
40173507
40173508
40173804
40173815
40173824
40173915
40174004
40174011
40174015
40174018
40174020
40174023
40174052
40174061
40174233
40174235
40174725
40174739
40175249
40175287
40175289
40175290
40175291
40175294
40175297
40175373
40175390
40175391
40175394
40175395
40175396
40175400
40175401
40175402
40175404
40175405
40176131
40176329
40176348
40176686
40176723
40176724
40176728
40176744
40176745
40176911
40176916
40176917
40176981
40177141
40177142
40177173
40177228
40177231
40177238
40177239
40177826
40177829
40178201
40179680
40180031
40180039
40180041
40180065
40180067
40180068
40180073
40180076
40180077
40180096
40180873
40182093
40182094
40182097
40182175
40182177
40182180
40182265
40184184
40184185
40184187
40184188
40184189
40184217
40184246
40184293
40184712
40184727
40184729
40184730
40185005
40185204
40185276
40185277
40185280
40185281
40185297
40185304
40185305
40185306
40187779
40187891
40220357
40220358
40220371
40220373
40220375
40220376
40220386
40220388
40220389
40220390
40220391
40220392
40220393
40220394
40220493
40220869
40220927
40220959
40220960
40220965
40221050
40221326
40221329
40221349
40221350
40221351
40221352
40221353
40221355
40221358
40221360
40221363
40221364
40221365
40221366
40221367
40221368
40221369
40221381
40221382
40221383
40221384
40221385
40221386
40221387
40221389
40221390
40221423
40221521
40221700
40221704
40221796
40221822
40221856
40221858
40221859
40221860
40221862
40221863
40221864
40221866
40221871
40221872
40221873
40221874
40221876
40221898
40221901
40221904
40221908
40221913
40221914
40221956
40221966
40221999
40222057
40222060
40222061
40222063
40222065
40222072
40222084
40222088
40222092
40222093
40222636
40222639
40222660
40222661
40222662
40222663
40222668
40222677
40222685
40222686
40222688
40222689
40222694
40222779
40222782
40222789
40222796
40222797
40222834
40222835
40222862
40222885
40222902
40222918
40222920
40222924
40222930
40222975
40223110
40223112
40223140
40223141
40223152
40223153
40223154
40223156
40223157
40223160
40223169
40223173
40223181
40223184
40223185
40223421
40223588
40223740
40223757
40223768
40223769
40223778
40223779
40223815
40223816
40223817
40223832
40223834
40223835
40223836
40223893
40223895
40223901
40223932
40223945
40223953
40224118
40224265
40224277
40224399
40224400
40224479
40224604
40224614
40224875
40224885
40224897
40224903
40224915
40225156
40225159
40225161
40225712
40225725
40225726
40225791
40225811
40225812
40225943
40225949
40225950
40225951
40225960
40225961
40225967
40225968
40225969
40225989
40225993
40225994
40226002
40226150
40226575
40226742
40226823
40226826
40226827
40226837
40226838
40226840
40226969
40226971
40226972
40226975
40226992
40226995
40226997
40226999
40227012
40227019
40227043
40227049
40227056
40227057
40227085
40227097
40227099
40227101
40227102
40227117
40227171
40227198
40227543
40227544
40227546
40228087
40228152
40228154
40228158
40228203
40228212
40228213
40228214
40228216
40228230
40228391
40229058
40229093
40229189
40229192
40229229
40229699
40230465
40230466
40230469
40230761
40231041
40231142
40231144
40231370
40231371
40231374
40231375
40231482
40231538
40231540
40231761
40231762
40231785
40231802
40231804
40231805
40231810
40231811
40231814
40231815
40231818
40231822
40231903
40231916
40231918
40231921
40231925
40231926
40231927
40231928
40231932
40231934
40231943
40231944
40232188
40232217
40232259
40232422
40232435
40232444
40232445
40232448
40232449
40232450
40232452
40232454
40232455
40232649
40232700
40232701
40232704
40232707
40232708
40232710
40232717
40232718
40232730
40232731
40232735
40232745
40232746
40232754
40232756
40232758
40232759
40233205
40233219
40233235
40233393
40233690
40233955
40233960
40233964
40233969
40233977
40233993
40233999
40234019
40234030
40234031
40234038
40234046
40234084
40234365
40234404
40234570
40234637
40234705
40234727
40234801
40234834
40234846
40234847
40235255
40235257
40235260
40235269
40235270
40235274
40235279
40235280
40235286
40235436
40235565
40236147
40236162
40236419
40236421
40236424
40236446
40236448
40236451
40236471
40236481
40236483
40236529
40236691
40236773
40236808
40236824
40236839
40236840
40236841
40236899
40236900
40236976
40237173
40237182
40237432
40237441
40237527
40237528
40237529
40237530
40237540
40237543
40237544
40237545
40237546
40237547
40237822
40237993
40238008
40238017
40238221
40238238
40238240
40238246
40238247
40238250
40238254
40238255
40238258
40238415
40238419
40238423
40238433
40238640
40238641
40238791
40238937
40239109
40239157
40239216
40239218
40239219
40239250
40239274
40239277
40239305
40239474
40239689
40239987
40240187
40240216
40240429
40240596
40240598
40240688
40240852
40240858
40240859
40241186
40241188
40241189
40241260
40241280
40241331
40241333
40241334
40241488
40241504
40241536
40241636
40241888
40242344
40242491
40242515
40242518
40242522
40242528
40242570
40242788
40243198
40243202
40243203
40243206
40243207
40243208
40243213
40243215
40243219
40243310
40243340
40243346
40243414
40243436
40243794
40243835
40243864
40243870
40243871
40243872
40243887
40243919
40243938
40244026
40244372
40244398
40244402
40244444
40244445
40244448
40244449
40721643
40728560
40829295
40950844
41173816
41252710
41270411
41302979
42543997
42543999
42544060
42544067
42628989
42628990
42629018
42629569
42629573
42629595
42629596
42629599
42707259
42707286
42707353
42707466
42707468
42707472
42707627
42707635
42707646
42707647
42707649
42707650
42707671
42707838
42707955
42707985
42707994
42708029
42708087
42708127
42708128
42708171
42708201
42708202
42708205
42708266
42708271
42708350
42708384
42708386
42708401
42708403
42708404
42708415
42708429
42708470
42708483
42708497
42708504
42708505
42708508
42708509
42708510
42708512
42708513
42708514
42708515
42708516
42708517
42708523
42708658
42708660
42708661
42708743
42708971
42709021
42709096
42709116
42799212
42799336
42799410
42799471
42799649
42799685
42799745
42799782
42799833
42800027
42800034
42800035
42800173
42800174
42800175
42800184
42800264
42800265
42800266
42800267
42800300
42800447
42800463
42800464
42800473
42800474
42801230
42873440
42873441
42873444
42873445
42873627
42873631
42873636
42873649
42873673
42874118
42874153
42874220
42874224
42874225
42898297
42898299
42898302
42898500
42898503
42898767
42900505
42900507
42900508
42900511
42900512
42901727
42902110
42902111
42902114
42902224
42902226
42902236
42902318
42902433
42902447
42902475
42902495
42902547
42902601
42902666
42902703
42902745
42902746
42902748
42902759
42902781
42902871
42902878
42902898
42902903
42902917
42902946
42902950
42902961
42903088
42903179
42903191
42903201
42903217
42903289
42903330
42903396
43011542
43011809
43011816
43011826
43011850
43011864
43011870
43011884
43011889
43011892
43011893
43011894
43011895
43011896
43011897
43011902
43011903
43011909
43011929
43011932
43011934
43011962
43011966
43012009
43012036
43012099
43012489
43012580
43012671
43012673
43012698
43012851
43013021
43013024
43013026
43013027
43013030
43013031
43013344
43013637
43013660
43013708
43013911
43013924
43014087
43014091
43014145
43014168
43014172
43014174
43032392
43034646
43157576
43525681
43525745
43526056
43526465
43526467
43526468
43526471
43526472
43526851
43531871
43531882
43532421
43532539
43532949
43532950
43559979
43560451
43560452
43560606
43560710
43560714
43677387
43797876
44035513
44054571
44068753
44092214
44186991
44506611
44506612
44506695
44506722
44507486
44507748
44784779
44784878
44784902
44785017
44785477
44785541
44785544
44785642
44785829
44785831
44785833
44785907
44785911
44814265
44814267
44816115
44816256
44816257
44816258
44818316
44818357
45774435
45774438
45774442
45774446
45774448
45774490
45774531
45774616
45774751
45774754
45774758
45774774
45774776
45774777
45774870
45774871
45774893
45774895
45775106
45775241
45775246
45775247
45775248
45775482
45775571
45775773
45775996
45775998
45776038
45776040
45776042
45776301
45776382
45776408
45776605
45776699
45892053
45892074
45892418
45892419
45892666
45892669
45892686
45892974
45892978
46221345
46221553
46221557
46233710
46233711
46233836
46233861
46233863
46233864
46233948
46233969
46233970
46234041
46234043
46234047
46234049
46234050
46234051
46234148
46234149
46234163
46234346
46234349
46234368
46234370
46234373
46234374
46234382
46234412
46234415
46234437
46234440
46234464
46234508
46234523
46234525
46275126
46275169
46275236
46275237
46275243
46275258
46275259
46275266
46275273
46275274
46275277
46275280
46275281
46275282
46275283
46275291
46275300
46275347
46275349
46275352
46275354
46275355
46275360
46275378
46275386
46275400
46275402
46275427
46275430
46275433
46275435
46275444
46275446
46275447
46275495
46275505
46275506
46275507
46275516
46275520
46275529
46275616
46275622
46275725
46275729
46275732
46275734
46275794
46275809
46275811
46275858
46275869
46275916
46275918
46276057
46276062
46276092
46276095
46276155
46276277
46276326
46276327
46276333
46287307
46287312
46287316
46287321
46287328
46287335
46287338
46287340
46287342
46287343
46287345
46287348
46287349
46287352
46287354
46287363
46287368
46287372
46287374
46287382
46287384
46287392
46287393
46287414
46287422
46287424
46287435
46287443
46287444
46287449
46287460
46287462
46287466
46287467
46287474
46287476
46287487
46287491
46287545
46287612
46287615
46287618
46287619
46287620
46287715
46287725
46287736
46287738
